18.9839
16.4122
20.4089
18.387
22.0634
7.66865
26.3322
22.0634
22.0634
22.0634
26.3322
26.3322
22.0634
22.0634
26.3322
26.3322
22.0634
22.0634
22.0634
22.0634
22.0634
60.8599
68.2377
22.0634
0.974912
0.97131
0.97131
0.97131
1.0778
1.0778
22.0634
7.47227
12.2001
12.2001
12.2001
229.548
229.548
229.548
229.548
229.548
229.548
244.398
244.398
244.398
12.2001
22.0634
1.0778
0.97131
244.398
16.0512
16.0512
16.0512
21.8282
5.84608
21.6419
9.85408
9.85408
9.85408
16.0512
244.398
244.398
12.2001
22.0634
1.07826
1.07827
1.07827
0.971767
0.971767
0.247552
0.247552
0.0959733
0.0959716
0.0941905
0.189005
0
5.38718
14.7328
7.94739
0.192202
0.192951
0.247552
0.0959733
0.190871
0.192202
0.971767
1.07827
5.38718
0.19166
7.94739
22.0634
12.2001
16.0512
9.85408
0.192951
0.253688
0.0959177
0.0941905
