18.9839
16.4122
20.4089
18.387
22.0634
7.66865
26.3322
22.0634
22.0634
22.0634
26.3322
26.3322
22.0634
22.0634
26.3322
26.3322
22.0634
22.0634
22.0634
22.0634
22.0634
60.8599
68.2377
22.0634
0.975624
0.971893
0.971893
0.971893
1.07855
1.07855
22.0634
7.47227
12.2001
12.2001
12.2001
229.548
229.548
229.548
229.548
229.548
229.548
244.398
244.398
244.398
12.2001
22.0634
1.07855
0.971893
244.398
16.1806
16.1806
16.1806
22.105
6.08974
21.7827
10.0116
10.0116
10.0116
16.1806
244.398
244.398
12.2001
22.0634
1.07855
1.07855
1.07855
0.971893
0.971893
9.37832
9.37832
1.77868
1.77868
1.77868
2.03822
2.03822
5.39046
14.8505
7.96914
1.92826
1.86937
